{"producer":{"name":"Blender","version":"2.77 (sub 0)","exporter_version":"4.5.0","file":"zombie.babylon"},
"autoClear":true,"clearColor":[0.0509,0.0509,0.0509],"ambientColor":[0,0,0],"gravity":[0,-9.81,0],
"materials":[{"name":"zombie.FeralGhoulBody","id":"zombie.FeralGhoulBody","ambient":[0.64,0.64,0.64],"diffuse":[0.512,0.512,0.512],"specular":[0,0,0],"emissive":[0,0,0],"specularPower":49,"alpha":1,"backFaceCulling":true,"checkReadyOnlyOnce":false, 
"diffuseTexture":{"name":"textures/ghoulferal_d.tga","level":1,"hasAlpha":1,"coordinatesMode":0,"uOffset":0,"vOffset":0,"uScale":1,"vScale":1,"uAng":0,"vAng":0,"wAng":0,"wrapU":1,"wrapV":1,"coordinatesIndex":0}, 
"bumpTexture":{"name":"textures/ghoulferal_n.tga","level":2.8568,"hasAlpha":1,"coordinatesMode":0,"uOffset":0,"vOffset":0,"uScale":1,"vScale":1,"uAng":0,"vAng":0,"wAng":0,"wrapU":1,"wrapV":1,"coordinatesIndex":0}},
{"name":"zombie.FeralGhoulEyes","id":"zombie.FeralGhoulEyes","ambient":[0.64,0.64,0.64],"diffuse":[0.512,0.512,0.512],"specular":[0,0,0],"emissive":[0,0,0],"specularPower":49,"alpha":1,"backFaceCulling":true,"checkReadyOnlyOnce":false, 
"diffuseTexture":{"name":"textures/ghoulferal_d.tga","level":1,"hasAlpha":1,"coordinatesMode":0,"uOffset":0,"vOffset":0,"uScale":1,"vScale":1,"uAng":0,"vAng":0,"wAng":0,"wrapU":1,"wrapV":1,"coordinatesIndex":0}, 
"bumpTexture":{"name":"textures/ghoulferal_n.tga","level":2.8568,"hasAlpha":1,"coordinatesMode":0,"uOffset":0,"vOffset":0,"uScale":1,"vScale":1,"uAng":0,"vAng":0,"wAng":0,"wrapU":1,"wrapV":1,"coordinatesIndex":0}},
{"name":"zombie.FeralGhoulPants","id":"zombie.FeralGhoulPants","ambient":[0.64,0.64,0.64],"diffuse":[0.512,0.512,0.512],"specular":[0,0,0],"emissive":[0,0,0],"specularPower":49,"alpha":1,"backFaceCulling":true,"checkReadyOnlyOnce":false, 
"diffuseTexture":{"name":"textures/ghoulferal_d.tga","level":1,"hasAlpha":1,"coordinatesMode":0,"uOffset":0,"vOffset":0,"uScale":1,"vScale":1,"uAng":0,"vAng":0,"wAng":0,"wrapU":1,"wrapV":1,"coordinatesIndex":0}, 
"bumpTexture":{"name":"textures/ghoulferal_n.tga","level":2.8568,"hasAlpha":1,"coordinatesMode":0,"uOffset":0,"vOffset":0,"uScale":1,"vScale":1,"uAng":0,"vAng":0,"wAng":0,"wrapU":1,"wrapV":1,"coordinatesIndex":0}}],
"multiMaterials":[{"name":"zombie.Multimaterial#0","id":"zombie.Multimaterial#0","materials":["zombie.FeralGhoulBody","zombie.FeralGhoulEyes","zombie.FeralGhoulPants"]}],
"skeletons":[{"name":"Armature","id":0,"bones":[
{"name":"mixamorig:Hips","index":0,"matrix":[0.0099,0.0007,0.0012,0,-0.0007,0.01,-0.0002,0,0.0012,-0.0001,-0.0099,0,0.1612,1.6528,0.0204,1],"rest":[0.01,0,0,0,0,0.01,0,0,0,0,-0.01,0,0.0032,2.1055,0.1078,1],"parentBoneIndex":-1,"length":22.6549
,"animation":{"dataType":3,"framePerSecond":30,"keys":[
{"frame":1,"values":[0.01,0.0002,-0.0003,0,-0.0002,0.01,0.0005,0,-0.0004,0.0005,-0.01,0,0.0058,1.6584,0.0034,1]},
{"frame":2,"values":[0.01,0.0005,-0.0008,0,-0.0005,0.01,0.0003,0,-0.0008,0.0003,-0.01,0,0.0001,1.6828,0.0116,1]},
{"frame":3,"values":[0.0099,0.0008,-0.0012,0,-0.0008,0.01,0,0,-0.0012,-0.0001,-0.0099,0,0.0011,1.7136,0.0187,1]},
{"frame":4,"values":[0.0099,0.0009,-0.0014,0,-0.001,0.0099,-0.0003,0,-0.0014,-0.0004,-0.0099,0,0.0076,1.7469,0.0182,1]},
{"frame":5,"values":[0.0098,0.0009,-0.0015,0,-0.001,0.0099,-0.0008,0,-0.0014,-0.0009,-0.0099,0,0.0192,1.7764,0.0058,1]},
{"frame":6,"values":[0.0098,0.0008,-0.0016,0,-0.001,0.0099,-0.001,0,-0.0014,-0.0012,-0.0098,0,0.0352,1.7942,-0.0187,1]},
{"frame":7,"values":[0.0098,0.0008,-0.0016,0,-0.001,0.0099,-0.0011,0,-0.0015,-0.0013,-0.0098,0,0.0523,1.7941,-0.0444,1]},
{"frame":8,"values":[0.0098,0.0008,-0.0017,0,-0.001,0.0099,-0.001,0,-0.0016,-0.0011,-0.0098,0,0.0697,1.7709,-0.0612,1]},
{"frame":9,"values":[0.0098,0.0009,-0.0018,0,-0.001,0.0099,-0.0007,0,-0.0018,-0.0009,-0.0098,0,0.0895,1.7371,-0.0625,1]},
{"frame":10,"values":[0.0098,0.0009,-0.0017,0,-0.001,0.0099,-0.0005,0,-0.0016,-0.0007,-0.0098,0,0.1103,1.7031,-0.0555,1]},
{"frame":11,"values":[0.0099,0.001,-0.0012,0,-0.0011,0.0099,-0.0005,0,-0.0012,-0.0006,-0.0099,0,0.1287,1.6708,-0.0345,1]},
{"frame":12,"values":[0.0099,0.001,-0.0004,0,-0.0011,0.0099,-0.0004,0,-0.0003,-0.0005,-0.01,0,0.1449,1.6458,-0.017,1]},
{"frame":13,"values":[0.0099,0.0009,0.0005,0,-0.0009,0.01,-0.0003,0,0.0006,-0.0003,-0.01,0,0.1541,1.6413,0.0046,1]},
{"frame":14,"values":[0.0099,0.0007,0.0012,0,-0.0007,0.01,-0.0002,0,0.0012,-0.0001,-0.0099,0,0.1612,1.6528,0.0204,1]},
{"frame":15,"values":[0.0099,0.0005,0.0015,0,-0.0005,0.01,0,0,0.0015,0,-0.0099,0,0.1636,1.6775,0.0334,1]},
{"frame":16,"values":[0.0099,0.0002,0.0015,0,-0.0002,0.01,0.0001,0,0.0015,0.0001,-0.0099,0,0.161,1.7129,0.0405,1]},
{"frame":17,"values":[0.0099,0.0001,0.0014,0,-0.0001,0.01,0.0002,0,0.0014,0.0002,-0.0099,0,0.1537,1.742,0.0379,1]},
{"frame":18,"values":[0.0099,0,0.0013,0,0,0.01,0.0003,0,0.0013,0.0004,-0.0099,0,0.1387,1.7574,0.0228,1]},
{"frame":19,"values":[0.0099,-0.0001,0.0013,0,0,0.01,0.0004,0,0.0013,0.0004,-0.0099,0,0.1183,1.7547,0.0015,1]},
{"frame":20,"values":[0.0099,-0.0001,0.0013,0,0.0001,0.01,0.0005,0,0.0013,0.0005,-0.0099,0,0.0943,1.7275,-0.017,1]},
{"frame":21,"values":[0.0099,-0.0002,0.0012,0,0.0001,0.01,0.0006,0,0.0012,0.0006,-0.0099,0,0.0681,1.6914,-0.0228,1]},
{"frame":22,"values":[0.0099,-0.0002,0.001,0,0.0002,0.01,0.0006,0,0.001,0.0006,-0.0099,0,0.0434,1.6591,-0.0221,1]},
{"frame":23,"values":[0.01,-0.0002,0.0006,0,0.0002,0.01,0.0006,0,0.0006,0.0006,-0.01,0,0.0257,1.6448,-0.0151,1]},
{"frame":24,"values":[0.01,-0.0001,0.0001,0,0.0001,0.01,0.0006,0,0.0001,0.0006,-0.01,0,0.0123,1.6446,-0.0072,1]},
{"frame":25,"values":[0.01,0.0002,-0.0003,0,-0.0002,0.01,0.0005,0,-0.0004,0.0005,-0.01,0,0.0058,1.6584,0.0033,1]}],"loopBehavior":1,"name":"anim","property":"_matrix"}},
{"name":"mixamorig:Spine","index":1,"matrix":[0.9944,-0.0966,-0.0425,0,0.1041,0.8326,0.5441,0,-0.0172,-0.5455,0.838,0,0,21.7359,-1.7707,1],"rest":[1,0,0,0,0,0.9967,-0.0812,0,0,0.0812,0.9967,0,0,21.7359,-1.7707,1],"parentBoneIndex":0,"length":25.4425
,"animation":{"dataType":3,"framePerSecond":30,"keys":[
{"frame":1,"values":[0.986,0.1502,0.0728,0,-0.1643,0.7965,0.5819,0,0.0294,-0.5857,0.81,0,0,21.7359,-1.7707,1]},
{"frame":2,"values":[0.9915,0.1299,0.003,0,-0.1082,0.8128,0.5725,0,0.0719,-0.5679,0.8199,0,0,21.7359,-1.7707,1]},
{"frame":3,"values":[0.9926,0.1015,-0.0662,0,-0.0493,0.8373,0.5445,0,0.1107,-0.5372,0.8362,0,0,21.7359,-1.7707,1]},
{"frame":4,"values":[0.9894,0.0708,-0.127,0,0.0019,0.8671,0.4981,0,0.1454,-0.493,0.8578,0,0,21.7359,-1.7707,1]},
{"frame":5,"values":[0.9831,0.0345,-0.1801,0,0.0476,0.9004,0.4324,0,0.1771,-0.4336,0.8835,0,0,21.7359,-1.7707,1]},
{"frame":6,"values":[0.9738,-0.0112,-0.2271,0,0.0975,0.9229,0.3725,0,0.2054,-0.3849,0.8998,0,0,21.7359,-1.7707,1]},
{"frame":7,"values":[0.9613,-0.0658,-0.2674,0,0.1553,0.9315,0.3289,0,0.2275,-0.3577,0.9057,0,0,21.7359,-1.7707,1]},
{"frame":8,"values":[0.9463,-0.1193,-0.3003,0,0.2155,0.9255,0.3115,0,0.2408,-0.3596,0.9015,0,0,21.7359,-1.7707,1]},
{"frame":9,"values":[0.9341,-0.1536,-0.3224,0,0.2614,0.9092,0.3242,0,0.2433,-0.3871,0.8893,0,0,21.7359,-1.7707,1]},
{"frame":10,"values":[0.9304,-0.1717,-0.3237,0,0.289,0.8869,0.3603,0,0.2252,-0.4288,0.8749,0,0,21.7359,-1.7707,1]},
{"frame":11,"values":[0.9396,-0.1824,-0.2895,0,0.2923,0.8675,0.4024,0,0.1778,-0.4627,0.8685,0,0,21.7359,-1.7707,1]},
{"frame":12,"values":[0.9605,-0.1704,-0.2201,0,0.2566,0.8485,0.4628,0,0.1079,-0.501,0.8587,0,0,21.7359,-1.7707,1]},
{"frame":13,"values":[0.9816,-0.1393,-0.1304,0,0.1869,0.8393,0.5105,0,0.0384,-0.5255,0.8499,0,0,21.7359,-1.7707,1]},
{"frame":14,"values":[0.9944,-0.0966,-0.0425,0,0.1041,0.8326,0.5441,0,-0.0172,-0.5455,0.838,0,0,21.7359,-1.7707,1]},
{"frame":15,"values":[0.9979,-0.0565,0.0327,0,0.0286,0.828,0.5599,0,-0.0587,-0.5578,0.8279,0,0,21.7359,-1.7707,1]},
{"frame":16,"values":[0.9953,-0.0264,0.093,0,-0.0299,0.8304,0.5564,0,-0.0919,-0.5566,0.8257,0,0,21.7359,-1.7707,1]},
{"frame":17,"values":[0.9889,0.001,0.1485,0,-0.0816,0.8392,0.5377,0,-0.1241,-0.5439,0.8299,0,0,21.7359,-1.7707,1]},
{"frame":18,"values":[0.9798,0.0305,0.1978,0,-0.1292,0.8513,0.5086,0,-0.1529,-0.5239,0.838,0,0,21.7359,-1.7707,1]},
{"frame":19,"values":[0.9697,0.0654,0.2353,0,-0.1735,0.8626,0.4752,0,-0.1719,-0.5016,0.8479,0,0,21.7359,-1.7707,1]},
{"frame":20,"values":[0.9616,0.0985,0.2563,0,-0.2124,0.8585,0.4667,0,-0.1741,-0.5032,0.8465,0,0,21.7359,-1.7707,1]},
{"frame":21,"values":[0.9598,0.1177,0.2549,0,-0.2312,0.8463,0.4799,0,-0.1592,-0.5195,0.8395,0,0,21.7359,-1.7707,1]},
{"frame":22,"values":[0.9634,0.1345,0.2319,0,-0.2375,0.8295,0.5054,0,-0.1243,-0.542,0.8311,0,0,21.7359,-1.7707,1]},
{"frame":23,"values":[0.9705,0.1485,0.1899,0,-0.2296,0.8096,0.5403,0,-0.0735,-0.5679,0.8198,0,0,21.7359,-1.7707,1]},
{"frame":24,"values":[0.9786,0.1551,0.135,0,-0.2048,0.7951,0.5708,0,-0.0188,-0.5862,0.8099,0,0,21.7359,-1.7707,1]},
{"frame":25,"values":[0.986,0.1502,0.0728,0,-0.1644,0.7965,0.5819,0,0.0294,-0.5857,0.81,0,0,21.7359,-1.7707,1]}],"loopBehavior":1,"name":"anim","property":"_matrix"}},
{"name":"mixamorig:Spine1","index":2,"matrix":[0.9998,0.0028,0.0207,0,-0.0061,0.9867,0.1623,0,-0.0199,-0.1624,0.9865,0,0,25.4426,0,1],"rest":[1,0,0,0,0,1,0,0,0,0,1,0,0,25.4426,0,1],"parentBoneIndex":1,"length":29.0772
,"animation":{"dataType":3,"framePerSecond":30,"keys":[
{"frame":1,"values":[0.999,0.0358,0.0277,0,-0.039,0.9915,0.1245,0,-0.023,-0.1255,0.9918,0,0,25.4425,0,1]},
{"frame":2,"values":[0.9996,0.026,0.0109,0,-0.027,0.9931,0.1144,0,-0.0079,-0.1147,0.9934,0,0,25.4425,0,1]},
{"frame":3,"values":[0.9999,0.0131,-0.0054,0,-0.0124,0.9944,0.1046,0,0.0067,-0.1045,0.9945,0,0,25.4425,0,1]},
{"frame":4,"values":[0.9998,-0.0003,-0.0207,0,0.0023,0.9954,0.0958,0,0.0206,-0.0958,0.9952,0,0,25.4426,0,1]},
{"frame":5,"values":[0.9993,-0.0127,-0.0351,0,0.0158,0.996,0.0883,0,0.0338,-0.0888,0.9955,0,0,25.4425,0,1]},
{"frame":6,"values":[0.9986,-0.0232,-0.0479,0,0.0273,0.996,0.0849,0,0.0457,-0.0861,0.9952,0,0,25.4425,0,1]},
{"frame":7,"values":[0.9978,-0.0308,-0.0579,0,0.0359,0.9954,0.0891,0,0.0549,-0.0909,0.9943,0,0,25.4425,0,1]},
{"frame":8,"values":[0.9974,-0.0349,-0.0638,0,0.0412,0.9941,0.1004,0,0.0599,-0.1027,0.9929,0,0,25.4425,0,1]},
{"frame":9,"values":[0.9974,-0.0339,-0.0641,0,0.0411,0.9926,0.1146,0,0.0598,-0.1169,0.9913,0,0,25.4425,0,1]},
{"frame":10,"values":[0.9979,-0.0287,-0.0572,0,0.0359,0.9911,0.1283,0,0.053,-0.1301,0.9901,0,0,25.4425,0,1]},
{"frame":11,"values":[0.9989,-0.0207,-0.0424,0,0.0265,0.9897,0.1404,0,0.0391,-0.1414,0.9892,0,0,25.4425,0,1]},
{"frame":12,"values":[0.9997,-0.0118,-0.0218,0,0.0149,0.9885,0.1506,0,0.0198,-0.1509,0.9884,0,0,25.4426,0,1]},
{"frame":13,"values":[1,-0.0037,0.0002,0,0.0037,0.9874,0.1585,0,-0.0008,-0.1585,0.9874,0,0,25.4426,0,1]},
{"frame":14,"values":[0.9998,0.0028,0.0207,0,-0.0061,0.9867,0.1623,0,-0.0199,-0.1624,0.9865,0,0,25.4426,0,1]},
{"frame":15,"values":[0.9992,0.006,0.0389,0,-0.0123,0.9866,0.1625,0,-0.0374,-0.1629,0.9859,0,0,25.4425,0,1]},
{"frame":16,"values":[0.9985,0.0048,0.0549,0,-0.0136,0.9869,0.1609,0,-0.0534,-0.1614,0.9854,0,0,25.4425,0,1]},
{"frame":17,"values":[0.9975,0.0019,0.0706,0,-0.0132,0.9872,0.1591,0,-0.0694,-0.1596,0.9847,0,0,25.4426,0,1]},
{"frame":18,"values":[0.9964,0.0011,0.0846,0,-0.0143,0.9877,0.1554,0,-0.0834,-0.1561,0.9842,0,0,25.4425,0,1]},
{"frame":19,"values":[0.9956,0.0048,0.0935,0,-0.0191,0.9882,0.1522,0,-0.0917,-0.1533,0.9839,0,0,25.4426,0,1]},
{"frame":20,"values":[0.9954,0.0127,0.0951,0,-0.027,0.9881,0.1514,0,-0.092,-0.1532,0.9839,0,0,25.4426,0,1]},
{"frame":21,"values":[0.9957,0.0217,0.0895,0,-0.0351,0.9879,0.151,0,-0.0852,-0.1535,0.9845,0,0,25.4426,0,1]},
{"frame":22,"values":[0.9965,0.0309,0.0781,0,-0.0423,0.9879,0.149,0,-0.0726,-0.1518,0.9857,0,0,25.4425,0,1]},
{"frame":23,"values":[0.9973,0.0383,0.0624,0,-0.0469,0.9885,0.1438,0,-0.0561,-0.1463,0.9876,0,0,25.4425,0,1]},
{"frame":24,"values":[0.9982,0.0411,0.0447,0,-0.0469,0.9897,0.1353,0,-0.0387,-0.1372,0.9898,0,0,25.4426,0,1]},
{"frame":25,"values":[0.999,0.0358,0.0277,0,-0.039,0.9915,0.1245,0,-0.023,-0.1255,0.9918,0,0,25.4425,0,1]}],"loopBehavior":1,"name":"anim","property":"_matrix"}},
{"name":"mixamorig:Spine2","index":3,"matrix":[0.9999,-0.0024,0.0171,0,-0.0004,0.9867,0.1624,0,-0.0173,-0.1623,0.9866,0,0,29.0772,0,1],"rest":[1,0,0,0,0,1,0,0,0,0,1,0,0,29.0772,0,1],"parentBoneIndex":2,"length":31.6137
,"animation":{"dataType":3,"framePerSecond":30,"keys":[
{"frame":1,"values":[0.9991,0.0331,0.0247,0,-0.036,0.9914,0.1255,0,-0.0203,-0.1263,0.9918,0,0,29.0772,0,1]},
{"frame":2,"values":[0.9997,0.0234,0.0085,0,-0.0243,0.993,0.1152,0,-0.0057,-0.1154,0.9933,0,0,29.0771,0,1]},
{"frame":3,"values":[0.9999,0.0107,-0.0069,0,-0.0099,0.9944,0.1052,0,0.0079,-0.1052,0.9944,0,0,29.0772,0,1]},
{"frame":4,"values":[0.9998,-0.0024,-0.0212,0,0.0044,0.9953,0.0964,0,0.0209,-0.0965,0.9951,0,0,29.0772,0,1]},
{"frame":5,"values":[0.9993,-0.0145,-0.0347,0,0.0175,0.9959,0.0889,0,0.0333,-0.0895,0.9954,0,0,29.0772,0,1]},
{"frame":6,"values":[0.9986,-0.0246,-0.047,0,0.0286,0.9959,0.0857,0,0.0447,-0.087,0.9952,0,0,29.0772,0,1]},
{"frame":7,"values":[0.9979,-0.0318,-0.0566,0,0.0368,0.9953,0.0901,0,0.0535,-0.092,0.9943,0,0,29.0772,0,1]},
{"frame":8,"values":[0.9974,-0.0356,-0.0625,0,0.0418,0.994,0.1015,0,0.0585,-0.1039,0.9929,0,0,29.0772,0,1]},
{"frame":9,"values":[0.9974,-0.0349,-0.0632,0,0.042,0.9924,0.1155,0,0.0587,-0.1178,0.9913,0,0,29.0772,0,1]},
{"frame":10,"values":[0.9979,-0.0303,-0.0571,0,0.0375,0.991,0.1287,0,0.0527,-0.1306,0.99,0,0,29.0772,0,1]},
{"frame":11,"values":[0.9988,-0.0232,-0.0433,0,0.0291,0.9897,0.1403,0,0.0396,-0.1414,0.9892,0,0,29.0772,0,1]},
{"frame":12,"values":[0.9996,-0.0151,-0.0237,0,0.0185,0.9885,0.1502,0,0.0212,-0.1506,0.9884,0,0,29.0772,0,1]},
{"frame":13,"values":[1,-0.008,-0.0027,0,0.0083,0.9874,0.1581,0,0.0014,-0.1581,0.9874,0,0,29.0772,0,1]},
{"frame":14,"values":[0.9999,-0.0024,0.0171,0,-0.0004,0.9867,0.1624,0,-0.0173,-0.1623,0.9866,0,0,29.0772,0,1]},
{"frame":15,"values":[0.9994,0.0001,0.0354,0,-0.0059,0.9866,0.1631,0,-0.0349,-0.1632,0.986,0,0,29.0772,0,1]},
{"frame":16,"values":[0.9986,-0.0018,0.0521,0,-0.0067,0.9868,0.1618,0,-0.0517,-0.1619,0.9854,0,0,29.0772,0,1]},
{"frame":17,"values":[0.9976,-0.005,0.0689,0,-0.0061,0.9871,0.1601,0,-0.0688,-0.1602,0.9847,0,0,29.0772,0,1]},
{"frame":18,"values":[0.9965,-0.006,0.0836,0,-0.0072,0.9876,0.1566,0,-0.0835,-0.1567,0.9841,0,0,29.0772,0,1]},
{"frame":19,"values":[0.9957,-0.0022,0.0929,0,-0.0121,0.9881,0.1536,0,-0.0921,-0.1541,0.9838,0,0,29.0772,0,1]},
{"frame":20,"values":[0.9955,0.0059,0.0946,0,-0.0204,0.988,0.1529,0,-0.0926,-0.1541,0.9837,0,0,29.0772,0,1]},
{"frame":21,"values":[0.9959,0.0158,0.0891,0,-0.0293,0.9879,0.1525,0,-0.0856,-0.1544,0.9843,0,0,29.0772,0,1]},
{"frame":22,"values":[0.9967,0.0263,0.0773,0,-0.0377,0.9879,0.1504,0,-0.0724,-0.1528,0.9856,0,0,29.0772,0,1]},
{"frame":23,"values":[0.9976,0.0346,0.0605,0,-0.0431,0.9885,0.1451,0,-0.0547,-0.1474,0.9876,0,0,29.0772,0,1]},
{"frame":24,"values":[0.9984,0.0381,0.0418,0,-0.0435,0.9897,0.1366,0,-0.0361,-0.1382,0.9897,0,0,29.0772,0,1]},
{"frame":25,"values":[0.9991,0.0331,0.0247,0,-0.036,0.9914,0.1255,0,-0.0203,-0.1263,0.9918,0,0,29.0772,0,1]}],"loopBehavior":1,"name":"anim","property":"_matrix"}},
{"name":"mixamorig:Neck","index":4,"matrix":[0.9927,-0.1209,0.0023,0,0.1209,0.9925,0.0181,0,-0.0045,-0.0177,0.9998,0,0,32.7118,0,1],"rest":[1,0,0,0,0,0.9967,0.0812,0,0,-0.0812,0.9967,0,0,32.7119,0,1],"parentBoneIndex":3,"length":27.753
,"animation":{"dataType":3,"framePerSecond":30,"keys":[
{"frame":1,"values":[0.9981,-0.0367,-0.0488,0,0.0357,0.9991,-0.0208,0,0.0495,0.019,0.9986,0,0,32.7118,0,1]},
{"frame":2,"values":[0.9979,-0.0492,-0.0417,0,0.0493,0.9988,0.0003,0,0.0417,-0.0023,0.9991,0,0,32.7118,0,1]},
{"frame":3,"values":[0.9975,-0.0611,-0.0347,0,0.0618,0.9979,0.0212,0,0.0334,-0.0233,0.9992,0,0,32.7118,0,1]},
{"frame":4,"values":[0.997,-0.0726,-0.0281,0,0.0737,0.9966,0.0374,0,0.0253,-0.0394,0.9989,0,0,32.7119,0,1]},
{"frame":5,"values":[0.9962,-0.0848,-0.0218,0,0.0858,0.9953,0.046,0,0.0178,-0.0477,0.9987,0,0,32.7118,0,1]},
{"frame":6,"values":[0.995,-0.0984,-0.0159,0,0.099,0.994,0.0455,0,0.0113,-0.0468,0.9988,0,0,32.7119,0,1]},
{"frame":7,"values":[0.9935,-0.1131,-0.0102,0,0.1134,0.9929,0.0352,0,0.0062,-0.0362,0.9993,0,0,32.7118,0,1]},
{"frame":8,"values":[0.9918,-0.1277,-0.004,0,0.1278,0.9916,0.0181,0,0.0017,-0.0185,0.9998,0,0,32.7118,0,1]},
{"frame":9,"values":[0.99,-0.1408,0.003,0,0.1408,0.99,-0.0006,0,-0.0029,0.001,1,0,0,32.7119,0,1]},
{"frame":10,"values":[0.9886,-0.1504,0.0092,0,0.1506,0.9885,-0.015,0,-0.0068,0.0162,0.9998,0,0,32.7118,0,1]},
{"frame":11,"values":[0.9879,-0.1547,0.0119,0,0.155,0.9877,-0.0208,0,-0.0086,0.0224,0.9997,0,0,32.7118,0,1]},
{"frame":12,"values":[0.9885,-0.1509,0.0109,0,0.1511,0.9884,-0.0165,0,-0.0083,0.0179,0.9998,0,0,32.7118,0,1]},
{"frame":13,"values":[0.9903,-0.1386,0.0076,0,0.1386,0.9903,-0.0033,0,-0.007,0.0043,1,0,0,32.7118,0,1]},
{"frame":14,"values":[0.9927,-0.1209,0.0023,0,0.1209,0.9925,0.0181,0,-0.0045,-0.0177,0.9998,0,0,32.7118,0,1]},
{"frame":15,"values":[0.9949,-0.1007,-0.0053,0,0.1008,0.994,0.0436,0,0.0008,-0.0439,0.999,0,0,32.7118,0,1]},
{"frame":16,"values":[0.9968,-0.078,-0.0156,0,0.0789,0.9948,0.0651,0,0.0104,-0.0661,0.9978,0,0,32.7119,0,1]},
{"frame":17,"values":[0.998,-0.057,-0.0275,0,0.0591,0.9949,0.0819,0,0.0227,-0.0834,0.9963,0,0,32.7118,0,1]},
{"frame":18,"values":[0.9984,-0.0398,-0.0394,0,0.0431,0.9954,0.0861,0,0.0358,-0.0877,0.9955,0,0,32.7118,0,1]},
{"frame":19,"values":[0.9984,-0.0274,-0.0499,0,0.031,0.9969,0.0726,0,0.0478,-0.074,0.9961,0,0,32.7118,0,1]},
{"frame":20,"values":[0.9981,-0.0196,-0.0582,0,0.0222,0.9988,0.0433,0,0.0573,-0.0445,0.9974,0,0,32.7119,0,1]},
{"frame":21,"values":[0.9978,-0.0163,-0.0636,0,0.0168,0.9998,0.007,0,0.0635,-0.008,0.9979,0,0,32.7119,0,1]},
{"frame":22,"values":[0.9977,-0.017,-0.065,0,0.0154,0.9996,-0.0242,0,0.0654,0.0231,0.9976,0,0,32.7118,0,1]},
{"frame":23,"values":[0.9979,-0.0211,-0.0616,0,0.0186,0.999,-0.0402,0,0.0624,0.039,0.9973,0,0,32.7118,0,1]},
{"frame":24,"values":[0.9981,-0.028,-0.0552,0,0.0259,0.9989,-0.0381,0,0.0562,0.0366,0.9977,0,0,32.7118,0,1]},
{"frame":25,"values":[0.9981,-0.0367,-0.0488,0,0.0357,0.9991,-0.0208,0,0.0495,0.019,0.9986,0,0,32.7118,0,1]}],"loopBehavior":1,"name":"anim","property":"_matrix"}},
{"name":"mixamorig:Head","index":5,"matrix":[0.9513,-0.2607,-0.1644,0,0.0624,0.6854,-0.7255,0,0.3018,0.6799,0.6683,0,0,22.0281,16.8818,1],"rest":[1,0,0,0,0,1,0,0,0,0,1,0,0,22.0281,16.8818,1],"parentBoneIndex":4,"length":40.5597
,"animation":{"dataType":3,"framePerSecond":30,"keys":[
{"frame":1,"values":[0.9504,-0.2485,-0.1871,0,0.0879,0.7915,-0.6048,0,0.2984,0.5583,0.7741,0,0,22.0281,16.8818,1]},
{"frame":2,"values":[0.9506,-0.2481,-0.1865,0,0.0875,0.7908,-0.6058,0,0.2978,0.5596,0.7734,0,0,22.0281,16.8818,1]},
{"frame":3,"values":[0.9509,-0.2472,-0.1863,0,0.0876,0.7921,-0.6041,0,0.2969,0.5581,0.7749,0,0,22.0281,16.8818,1]},
{"frame":4,"values":[0.9512,-0.2454,-0.1871,0,0.089,0.7988,-0.595,0,0.2955,0.5493,0.7816,0,0,22.0281,16.8818,1]},
{"frame":5,"values":[0.9514,-0.2428,-0.1893,0,0.092,0.8111,-0.5777,0,0.2938,0.5322,0.794,0,0,22.0281,16.8818,1]},
{"frame":6,"values":[0.9516,-0.2401,-0.192,0,0.0955,0.8245,-0.5578,0,0.2922,0.5124,0.8075,0,0,22.0282,16.8818,1]},
{"frame":7,"values":[0.9515,-0.2389,-0.1936,0,0.0974,0.8313,-0.5472,0,0.2917,0.5018,0.8143,0,0,22.0282,16.8818,1]},
{"frame":8,"values":[0.9514,-0.2402,-0.1929,0,0.0963,0.8267,-0.5543,0,0.2926,0.5088,0.8097,0,0,22.0282,16.8818,1]},
{"frame":9,"values":[0.9512,-0.2436,-0.1895,0,0.092,0.81,-0.5792,0,0.2946,0.5335,0.7928,0,0,22.0282,16.8818,1]},
{"frame":10,"values":[0.9511,-0.2482,-0.1841,0,0.0853,0.7834,-0.6156,0,0.297,0.5698,0.7663,0,0,22.0281,16.8817,1]},
{"frame":11,"values":[0.951,-0.2528,-0.1778,0,0.0778,0.7525,-0.654,0,0.2992,0.6081,0.7353,0,0,22.0281,16.8818,1]},
{"frame":12,"values":[0.9511,-0.2565,-0.1723,0,0.0713,0.7247,-0.6854,0,0.3006,0.6396,0.7075,0,0,22.0281,16.8818,1]},
{"frame":13,"values":[0.9512,-0.2589,-0.168,0,0.0664,0.7032,-0.7079,0,0.3014,0.6622,0.6861,0,0,22.0281,16.8818,1]},
{"frame":14,"values":[0.9513,-0.2607,-0.1644,0,0.0624,0.6854,-0.7255,0,0.3018,0.6799,0.6683,0,0,22.0281,16.8818,1]},
{"frame":15,"values":[0.9515,-0.262,-0.1614,0,0.0592,0.6705,-0.7395,0,0.302,0.6941,0.6535,0,0,22.0281,16.8818,1]},
{"frame":16,"values":[0.9515,-0.2625,-0.1602,0,0.0578,0.6643,-0.7452,0,0.302,0.6998,0.6473,0,0,22.0281,16.8818,1]},
{"frame":17,"values":[0.9514,-0.2622,-0.1614,0,0.059,0.6698,-0.7402,0,0.3022,0.6947,0.6527,0,0,22.0282,16.8817,1]},
{"frame":18,"values":[0.9511,-0.2609,-0.1653,0,0.0632,0.6883,-0.7227,0,0.3024,0.6769,0.6711,0,0,22.0281,16.8818,1]},
{"frame":19,"values":[0.9506,-0.2586,-0.1714,0,0.0697,0.7163,-0.6943,0,0.3024,0.6481,0.6989,0,0,22.0281,16.8818,1]},
{"frame":20,"values":[0.9502,-0.2558,-0.1779,0,0.0768,0.7457,-0.6618,0,0.302,0.6152,0.7283,0,0,22.0281,16.8818,1]},
{"frame":21,"values":[0.9499,-0.253,-0.1833,0,0.0828,0.7694,-0.6334,0,0.3013,0.5865,0.7518,0,0,22.0281,16.8818,1]},
{"frame":22,"values":[0.9498,-0.251,-0.1865,0,0.0865,0.7841,-0.6146,0,0.3005,0.5677,0.7665,0,0,22.0281,16.8817,1]},
{"frame":23,"values":[0.9499,-0.2498,-0.1877,0,0.0881,0.7905,-0.6061,0,0.2998,0.5592,0.773,0,0,22.0281,16.8818,1]},
{"frame":24,"values":[0.9501,-0.2491,-0.1876,0,0.0882,0.7917,-0.6045,0,0.2991,0.5578,0.7742,0,0,22.0281,16.8818,1]},
{"frame":25,"values":[0.9504,-0.2485,-0.1871,0,0.0879,0.7915,-0.6048,0,0.2984,0.5583,0.7741,0,0,22.0281,16.8818,1]}],"loopBehavior":1,"name":"anim","property":"_matrix"}},
{"name":"mixamorig:HeadTop_End","index":6,"matrix":[1,0,0,0,0,1,0,0,0,0,1,0,-4.8398,41.734,28.234,1],"rest":[1,0,0,0,0,1,0,0,0,0,1,0,0,32.193,24.6719,1],"parentBoneIndex":5,"length":40.5597
,"animation":{"dataType":3,"framePerSecond":30,"keys":[
{"frame":1,"values":[1,0,0,0,0,1,0,0,0,0,1,0,-4.8398,41.734,28.234,1]},
{"frame":2,"values":[1,0,0,0,0,1,0,0,0,0,1,0,-4.8398,41.7341,28.234,1]},
{"frame":3,"values":[1,0,0,0,0,1,0,0,0,0,1,0,-4.8398,41.734,28.234,1]},
{"frame":6,"values":[1,0,0,0,0,1,0,0,0,0,1,0,-4.8398,41.7341,28.234,1]},
{"frame":7,"values":[1,0,0,0,0,1,0,0,0,0,1,0,-4.8398,41.734,28.234,1]},
{"frame":10,"values":[1,0,0,0,0,1,0,0,0,0,1,0,-4.8398,41.7341,28.234,1]},
{"frame":11,"values":[1,0,0,0,0,1,0,0,0,0,1,0,-4.8398,41.734,28.234,1]},
{"frame":17,"values":[1,0,0,0,0,1,0,0,0,0,1,0,-4.8398,41.7341,28.234,1]},
{"frame":19,"values":[1,0,0,0,0,1,0,0,0,0,1,0,-4.8398,41.734,28.234,1]},
{"frame":25,"values":[1,0,0,0,0,1,0,0,0,0,1,0,-4.8398,41.734,28.234,1]}],"loopBehavior":1,"name":"anim","property":"_matrix"}},
{"name":"mixamorig:LeftShoulder","index":7,"matrix":[-0.1196,0.0236,-0.9925,0,0.9655,-0.2301,-0.1218,0,-0.2313,-0.9729,0.0047,0,11.773,28.7568,-0.4678,1],"rest":[-0.0349,-0.002,-0.9994,0,0.9628,-0.2681,-0.0331,0,-0.2679,-0.9634,0.0113,0,11.773,28.7568,-0.4678,1],"parentBoneIndex":3,"length":25.8388
,"animation":{"dataType":3,"framePerSecond":30,"keys":[
{"frame":1,"values":[-0.043,0.0287,-0.9987,0,0.9469,-0.3176,-0.0499,0,-0.3187,-0.9478,-0.0135,0,11.773,28.7568,-0.4677,1]},
{"frame":2,"values":[-0.0119,0.0321,-0.9994,0,0.9531,-0.3018,-0.0211,0,-0.3023,-0.9528,-0.027,0,11.773,28.7568,-0.4678,1]},
{"frame":3,"values":[0.0105,0.0364,-0.9993,0,0.9598,-0.2806,-0.0001,0,-0.2804,-0.9591,-0.0378,0,11.773,28.7568,-0.4678,1]},
{"frame":4,"values":[0.0255,0.0413,-0.9988,0,0.9665,-0.2564,0.0141,0,-0.2555,-0.9657,-0.0465,0,11.773,28.7568,-0.4678,1]},
{"frame":5,"values":[0.0345,0.0468,-0.9983,0,0.9723,-0.2327,0.0227,0,-0.2313,-0.9714,-0.0535,0,11.773,28.7568,-0.4678,1]},
{"frame":6,"values":[0.0363,0.0516,-0.998,0,0.9765,-0.2139,0.0244,0,-0.2122,-0.9755,-0.0582,0,11.773,28.7568,-0.4678,1]},
{"frame":7,"values":[0.027,0.0541,-0.9982,0,0.979,-0.2033,0.0154,0,-0.202,-0.9776,-0.0584,0,11.773,28.7568,-0.4678,1]},
{"frame":8,"values":[0.0052,0.053,-0.9986,0,0.9795,-0.2012,-0.0056,0,-0.2013,-0.9781,-0.053,0,11.773,28.7568,-0.4678,1]},
{"frame":9,"values":[-0.0259,0.049,-0.9985,0,0.9776,-0.2072,-0.0356,0,-0.2086,-0.9771,-0.0426,0,11.773,28.7568,-0.4678,1]},
{"frame":10,"values":[-0.0598,0.0444,-0.9972,0,0.9735,-0.2184,-0.0681,0,-0.2208,-0.9748,-0.0302,0,11.773,28.7568,-0.4678,1]},
{"frame":11,"values":[-0.0887,0.0407,-0.9952,0,0.9684,-0.2304,-0.0957,0,-0.2332,-0.9722,-0.019,0,11.773,28.7568,-0.4678,1]},
{"frame":12,"values":[-0.1066,0.0373,-0.9936,0,0.9652,-0.236,-0.1124,0,-0.2387,-0.971,-0.0108,0,11.773,28.7568,-0.4678,1]},
{"frame":13,"values":[-0.1149,0.0319,-0.9929,0,0.9649,-0.2341,-0.1192,0,-0.2362,-0.9717,-0.0039,0,11.773,28.7568,-0.4678,1]},
{"frame":14,"values":[-0.1196,0.0236,-0.9925,0,0.9655,-0.2301,-0.1218,0,-0.2313,-0.9729,0.0047,0,11.773,28.7568,-0.4678,1]},
{"frame":15,"values":[-0.1288,0.0127,-0.9916,0,0.9646,-0.2304,-0.1283,0,-0.2301,-0.973,0.0174,0,11.773,28.7568,-0.4678,1]},
{"frame":16,"values":[-0.1511,0.0005,-0.9885,0,0.959,-0.2427,-0.1467,0,-0.24,-0.9701,0.0362,0,11.773,28.7568,-0.4678,1]},
{"frame":17,"values":[-0.1757,-0.008,-0.9844,0,0.9507,-0.261,-0.1675,0,-0.2556,-0.9653,0.0534,0,11.773,28.7568,-0.4678,1]},
{"frame":18,"values":[-0.1954,-0.0094,-0.9807,0,0.9412,-0.2827,-0.1848,0,-0.2755,-0.9591,0.0641,0,11.773,28.7568,-0.4678,1]},
{"frame":19,"values":[-0.2041,-0.0035,-0.9789,0,0.9327,-0.3044,-0.1934,0,-0.2973,-0.9525,0.0654,0,11.773,28.7568,-0.4678,1]},
{"frame":20,"values":[-0.1999,0.0069,-0.9798,0,0.927,-0.3226,-0.1914,0,-0.3174,-0.9465,0.0581,0,11.773,28.7568,-0.4678,1]},
{"frame":21,"values":[-0.1838,0.0173,-0.9828,0,0.9254,-0.334,-0.179,0,-0.3314,-0.9424,0.0454,0,11.773,28.7568,-0.4678,1]},
{"frame":22,"values":[-0.1576,0.0243,-0.9872,0,0.9281,-0.3379,-0.1565,0,-0.3373,-0.9409,0.0307,0,11.773,28.7568,-0.4678,1]},
{"frame":23,"values":[-0.1233,0.0272,-0.992,0,0.9337,-0.3353,-0.1252,0,-0.3361,-0.9417,0.0159,0,11.773,28.7568,-0.4678,1]},
{"frame":24,"values":[-0.0838,0.0279,-0.9961,0,0.9405,-0.3283,-0.0883,0,-0.3294,-0.9442,0.0013,0,11.773,28.7568,-0.4678,1]},
{"frame":25,"values":[-0.043,0.0287,-0.9987,0,0.9469,-0.3176,-0.0499,0,-0.3187,-0.9478,-0.0135,0,11.773,28.7568,-0.4678,1]}],"loopBehavior":1,"name":"anim","property":"_matrix"}},
{"name":"mixamorig:LeftArm","index":8,"matrix":[0.378,0.6777,0.6308,0,-0.8818,0.471,0.0225,0,-0.2819,-0.5647,0.7756,0,0,25.8388,0,1],"rest":[0.9983,-0.0578,0,0,0.0556,0.9613,0.27,0,-0.0156,-0.2695,0.9629,0,0,25.8388,0,1],"parentBoneIndex":7,"length":49.0647
,"animation":{"dataType":3,"framePerSecond":30,"keys":[
{"frame":1,"values":[0.8781,0.4401,0.188,0,-0.4785,0.8138,0.3299,0,-0.0078,-0.3797,0.9251,0,0,25.8388,0,1]},
{"frame":2,"values":[0.9411,0.3179,0.1154,0,-0.3371,0.8547,0.3947,0,0.0268,-0.4104,0.9115,0,0,25.8388,0,1]},
{"frame":3,"values":[0.9771,0.2072,0.0475,0,-0.2069,0.8754,0.437,0,0.0489,-0.4368,0.8982,0,0,25.8388,0,1]},
{"frame":4,"values":[0.9929,0.1186,-0.0061,0,-0.1024,0.8811,0.4618,0,0.0602,-0.4579,0.887,0,0,25.8388,0,1]},
{"frame":5,"values":[0.9971,0.0642,-0.0405,0,-0.0376,0.8811,0.4714,0,0.066,-0.4685,0.881,0,0,25.8388,0,1]},
{"frame":6,"values":[0.997,0.0567,-0.0528,0,-0.0257,0.8849,0.465,0,0.0731,-0.4623,0.8837,0,0,25.8388,0,1]},
{"frame":7,"values":[0.9936,0.1069,-0.0361,0,-0.08,0.8933,0.4423,0,0.0795,-0.4366,0.8961,0,0,25.8388,0,1]},
{"frame":8,"values":[0.9779,0.2087,0.0145,0,-0.1963,0.8914,0.4084,0,0.0723,-0.4022,0.9127,0,0,25.8389,0,1]},
{"frame":9,"values":[0.9342,0.342,0.1012,0,-0.3546,0.8599,0.3673,0,0.0386,-0.379,0.9246,0,0,25.8388,0,1]},
{"frame":10,"values":[0.8534,0.4734,0.2183,0,-0.5208,0.7929,0.3163,0,-0.0234,-0.3836,0.9232,0,0,25.8388,0,1]},
{"frame":11,"values":[0.7413,0.5721,0.3509,0,-0.6631,0.7052,0.2511,0,-0.1038,-0.4188,0.9021,0,0,25.8388,0,1]},
{"frame":12,"values":[0.6148,0.6291,0.4756,0,-0.7671,0.617,0.1756,0,-0.183,-0.4728,0.8619,0,0,25.8388,0,1]},
{"frame":13,"values":[0.4893,0.6586,0.5717,0,-0.8373,0.5382,0.0965,0,-0.2441,-0.5259,0.8148,0,0,25.8388,0,1]},
{"frame":14,"values":[0.378,0.6777,0.6308,0,-0.8818,0.471,0.0225,0,-0.2819,-0.5647,0.7756,0,0,25.8388,0,1]},
{"frame":15,"values":[0.3029,0.7046,0.6417,0,-0.9081,0.4176,-0.0298,0,-0.289,-0.5737,0.7664,0,0,25.8388,0,1]},
{"frame":16,"values":[0.2885,0.7504,0.5947,0,-0.9215,0.3863,-0.0404,0,-0.26,-0.5364,0.8029,0,0,25.8388,0,1]},
{"frame":17,"values":[0.313,0.7683,0.5583,0,-0.9206,0.3899,-0.0205,0,-0.2334,-0.5076,0.8294,0,0,25.8388,0,1]},
{"frame":18,"values":[0.3576,0.7549,0.5497,0,-0.9072,0.4205,0.0127,0,-0.2216,-0.5033,0.8352,0,0,25.8388,0,1]},
{"frame":19,"values":[0.4101,0.7187,0.5615,0,-0.8839,0.465,0.0504,0,-0.2248,-0.517,0.826,0,0,25.8388,0,1]},
{"frame":20,"values":[0.467,0.6774,0.5684,0,-0.8531,0.5142,0.0881,0,-0.2326,-0.5261,0.818,0,0,25.8388,0,1]},
{"frame":21,"values":[0.5309,0.6455,0.5491,0,-0.8157,0.565,0.1244,0,-0.2299,-0.5139,0.8264,0,0,25.8388,0,1]},
{"frame":22,"values":[0.6071,0.6216,0.495,0,-0.7677,0.6195,0.1638,0,-0.2049,-0.4794,0.8533,0,0,25.8388,0,1]},
{"frame":23,"values":[0.6975,0.5882,0.4093,0,-0.6998,0.682,0.2125,0,-0.1541,-0.4347,0.8873,0,0,25.8388,0,1]},
{"frame":24,"values":[0.7931,0.5288,0.3023,0,-0.6032,0.7507,0.2695,0,-0.0844,-0.3962,0.9143,0,0,25.8388,0,1]},
{"frame":25,"values":[0.8781,0.4401,0.188,0,-0.4785,0.8138,0.3299,0,-0.0078,-0.3797,0.9251,0,0,25.8388,0,1]}],"loopBehavior":1,"name":"anim","property":"_matrix"}},
{"name":"mixamorig:LeftForeArm","index":9,"matrix":[0.8934,0.4489,0.0188,0,-0.4492,0.8922,0.0469,0,0.0043,-0.0503,0.9987,0,0,49.0647,0,1],"rest":[0.9684,0.2493,0,0,-0.2488,0.9667,-0.0604,0,-0.0151,0.0585,0.9982,0,0,49.0648,0,1],"parentBoneIndex":8,"length":59.8735
,"animation":{"dataType":3,"framePerSecond":30,"keys":[
{"frame":1,"values":[0.8687,0.4949,0.0214,0,-0.4953,0.8672,0.0517,0,0.0071,-0.0555,0.9984,0,0,49.0647,0,1]},
{"frame":2,"values":[0.8289,0.5587,0.0255,0,-0.5592,0.827,0.0583,0,0.0115,-0.0626,0.998,0,0,49.0647,0,1]},
{"frame":3,"values":[0.7912,0.6109,0.0294,0,-0.6114,0.7888,0.0638,0,0.0157,-0.0685,0.9975,0,0,49.0647,0,1]},
{"frame":4,"values":[0.7696,0.6377,0.0317,0,-0.6382,0.767,0.0666,0,0.0182,-0.0715,0.9973,0,0,49.0647,0,1]},
{"frame":5,"values":[0.7699,0.6374,0.0317,0,-0.6379,0.7672,0.0666,0,0.0181,-0.0714,0.9973,0,0,49.0647,0,1]},
{"frame":6,"values":[0.7813,0.6235,0.0305,0,-0.624,0.7787,0.0651,0,0.0169,-0.0699,0.9974,0,0,49.0648,0,1]},
{"frame":7,"values":[0.7928,0.6088,0.0293,0,-0.6093,0.7904,0.0636,0,0.0156,-0.0682,0.9975,0,0,49.0647,0,1]},
{"frame":8,"values":[0.8089,0.5872,0.0276,0,-0.5877,0.8067,0.0613,0,0.0138,-0.0658,0.9977,0,0,49.0647,0,1]},
{"frame":9,"values":[0.8385,0.5444,0.0245,0,-0.5449,0.8366,0.0568,0,0.0104,-0.061,0.9981,0,0,49.0647,0,1]},
{"frame":10,"values":[0.8724,0.4884,0.021,0,-0.4888,0.8709,0.051,0,0.0066,-0.0547,0.9985,0,0,49.0647,0,1]},
{"frame":11,"values":[0.8927,0.4503,0.0189,0,-0.4507,0.8914,0.047,0,0.0044,-0.0505,0.9987,0,0,49.0647,0,1]},
{"frame":12,"values":[0.8968,0.442,0.0184,0,-0.4424,0.8956,0.0462,0,0.0039,-0.0495,0.9988,0,0,49.0647,0,1]},
{"frame":13,"values":[0.8957,0.4442,0.0185,0,-0.4446,0.8945,0.0464,0,0.004,-0.0498,0.9988,0,0,49.0647,0,1]},
{"frame":14,"values":[0.8934,0.4489,0.0188,0,-0.4492,0.8922,0.0469,0,0.0043,-0.0503,0.9987,0,0,49.0647,0,1]},
{"frame":15,"values":[0.8817,0.4713,0.02,0,-0.4717,0.8804,0.0492,0,0.0056,-0.0528,0.9986,0,0,49.0647,0,1]},
{"frame":16,"values":[0.856,0.5165,0.0227,0,-0.5169,0.8544,0.0539,0,0.0085,-0.0579,0.9983,0,0,49.0647,0,1]},
{"frame":17,"values":[0.8402,0.5417,0.0243,0,-0.5422,0.8384,0.0566,0,0.0103,-0.0607,0.9981,0,0,49.0647,0,1]},
{"frame":18,"values":[0.8411,0.5403,0.0242,0,-0.5407,0.8393,0.0564,0,0.0101,-0.0606,0.9981,0,0,49.0648,0,1]},
{"frame":19,"values":[0.8518,0.5233,0.0231,0,-0.5237,0.8501,0.0546,0,0.0089,-0.0587,0.9982,0,0,49.0648,0,1]},
{"frame":20,"values":[0.8661,0.4995,0.0216,0,-0.4999,0.8645,0.0522,0,0.0074,-0.056,0.9984,0,0,49.0647,0,1]},
{"frame":21,"values":[0.8824,0.47,0.0199,0,-0.4704,0.8811,0.0491,0,0.0055,-0.0527,0.9986,0,0,49.0647,0,1]},
{"frame":22,"values":[0.8982,0.4392,0.0183,0,-0.4396,0.897,0.0459,0,0.0037,-0.0492,0.9988,0,0,49.0647,0,1]},
{"frame":23,"values":[0.9057,0.4237,0.0175,0,-0.424,0.9046,0.0442,0,0.0029,-0.0475,0.9989,0,0,49.0647,0,1]},
{"frame":24,"values":[0.8966,0.4424,0.0184,0,-0.4428,0.8954,0.0462,0,0.0039,-0.0496,0.9988,0,0,49.0647,0,1]},
{"frame":25,"values":[0.8687,0.4949,0.0214,0,-0.4953,0.8672,0.0517,0,0.0071,-0.0555,0.9984,0,0,49.0647,0,1]}],"loopBehavior":1,"name":"anim","property":"_matrix"}},
{"name":"mixamorig:LeftHand","index":10,"matrix":[1,0,0,0,0,1,0,0,0,0,1,0,0,59.8735,0,1],"rest":[1,0,0,0,0,1,0,0,0,0,1,0,0,59.8735,0,1],"parentBoneIndex":9,"length":59.8735
,"animation":{"dataType":3,"framePerSecond":30,"keys":[
{"frame":1,"values":[1,0,0,0,0,1,0,0,0,0,1,0,0,59.8736,0,1]},
{"frame":2,"values":[1,0,0,0,0,1,0,0,0,0,1,0,0,59.8735,0,1]},
{"frame":25,"values":[1,0,0,0,0,1,0,0,0,0,1,0,0,59.8735,0,1]}],"loopBehavior":1,"name":"anim","property":"_matrix"}},
{"name":"mixamorig:RightShoulder","index":11,"matrix":[-0.0973,0.0025,0.9953,0,-0.9643,-0.2477,-0.0936,0,0.2463,-0.9688,0.0265,0,-11.773,28.7332,-0.1786,1],"rest":[-0.0115,0.0015,0.9999,0,-0.9628,-0.2699,-0.0107,0,0.2699,-0.9629,0.0045,0,-11.773,28.7333,-0.1786,1],"parentBoneIndex":3,"length":25.8388
,"animation":{"dataType":3,"framePerSecond":30,"keys":[
{"frame":1,"values":[-0.0275,-0.0144,0.9995,0,-0.956,-0.2919,-0.0305,0,0.2922,-0.9563,-0.0057,0,-11.773,28.7332,-0.1785,1]},
{"frame":2,"values":[-0.0242,-0.0132,0.9996,0,-0.9643,-0.2633,-0.0268,0,0.2635,-0.9646,-0.0064,0,-11.773,28.7332,-0.1786,1]},
{"frame":3,"values":[-0.0226,-0.0121,0.9997,0,-0.9726,-0.231,-0.0248,0,0.2312,-0.9729,-0.0066,0,-11.773,28.7332,-0.1786,1]},
{"frame":4,"values":[-0.0266,-0.0104,0.9996,0,-0.9792,-0.2009,-0.0281,0,0.2012,-0.9795,-0.0048,0,-11.773,28.7332,-0.1785,1]},
{"frame":5,"values":[-0.044,-0.0058,0.999,0,-0.9802,-0.193,-0.0443,0,0.1931,-0.9812,0.0028,0,-11.773,28.7332,-0.1786,1]},
{"frame":6,"values":[-0.0667,-0.0012,0.9978,0,-0.9779,-0.1986,-0.0656,0,0.1982,-0.9801,0.0121,0,-11.773,28.7333,-0.1786,1]},
{"frame":7,"values":[-0.091,0.0028,0.9958,0,-0.9734,-0.2114,-0.0884,0,0.2103,-0.9774,0.0219,0,-11.773,28.7332,-0.1785,1]},
{"frame":8,"values":[-0.1119,0.0056,0.9937,0,-0.9689,-0.2228,-0.1079,0,0.2208,-0.9749,0.0303,0,-11.773,28.7332,-0.1785,1]},
{"frame":9,"values":[-0.1245,0.0074,0.9922,0,-0.9664,-0.2275,-0.1196,0,0.2248,-0.9738,0.0355,0,-11.773,28.7333,-0.1785,1]},
{"frame":10,"values":[-0.1271,0.0083,0.9919,0,-0.9664,-0.2264,-0.1219,0,0.2235,-0.974,0.0368,0,-11.773,28.7332,-0.1786,1]},
{"frame":11,"values":[-0.1216,0.008,0.9926,0,-0.9673,-0.2253,-0.1166,0,0.2227,-0.9743,0.0351,0,-11.773,28.7332,-0.1786,1]},
{"frame":12,"values":[-0.1126,0.0065,0.9936,0,-0.9671,-0.2301,-0.1081,0,0.2279,-0.9731,0.0322,0,-11.773,28.7332,-0.1786,1]},
{"frame":13,"values":[-0.1048,0.0045,0.9945,0,-0.9655,-0.2403,-0.1007,0,0.2385,-0.9707,0.0295,0,-11.773,28.7332,-0.1785,1]},
{"frame":14,"values":[-0.0973,0.0025,0.9953,0,-0.9643,-0.2477,-0.0936,0,0.2463,-0.9688,0.0265,0,-11.773,28.7332,-0.1786,1]},
{"frame":15,"values":[-0.0878,0.0006,0.9961,0,-0.9649,-0.2486,-0.0849,0,0.2476,-0.9686,0.0224,0,-11.773,28.7332,-0.1785,1]},
{"frame":16,"values":[-0.0782,-0.0015,0.9969,0,-0.9652,-0.2501,-0.0761,0,0.2495,-0.9682,0.0181,0,-11.773,28.7333,-0.1786,1]},
{"frame":17,"values":[-0.0624,-0.0049,0.998,0,-0.9658,-0.2517,-0.0617,0,0.2515,-0.9678,0.0109,0,-11.773,28.7332,-0.1786,1]},
{"frame":18,"values":[-0.0454,-0.0089,0.9989,0,-0.9653,-0.2569,-0.0461,0,0.257,-0.9664,0.0031,0,-11.773,28.7332,-0.1786,1]},
{"frame":19,"values":[-0.0306,-0.0123,0.9995,0,-0.9642,-0.2631,-0.0327,0,0.2634,-0.9647,-0.0038,0,-11.773,28.7332,-0.1786,1]},
{"frame":20,"values":[-0.0204,-0.0148,0.9997,0,-0.9629,-0.269,-0.0236,0,0.2692,-0.963,-0.0088,0,-11.773,28.7332,-0.1786,1]},
{"frame":21,"values":[-0.0173,-0.0159,0.9997,0,-0.9603,-0.2783,-0.021,0,0.2786,-0.9604,-0.0105,0,-11.773,28.7332,-0.1786,1]},
{"frame":22,"values":[-0.023,-0.0156,0.9996,0,-0.9551,-0.2951,-0.0266,0,0.2954,-0.9553,-0.0082,0,-11.773,28.7332,-0.1786,1]},
{"frame":23,"values":[-0.0288,-0.0155,0.9995,0,-0.95,-0.3107,-0.0322,0,0.311,-0.9504,-0.0058,0,-11.773,28.7332,-0.1786,1]},
{"frame":24,"values":[-0.0302,-0.0153,0.9994,0,-0.9498,-0.3109,-0.0335,0,0.3113,-0.9503,-0.0052,0,-11.773,28.7332,-0.1786,1]},
{"frame":25,"values":[-0.0275,-0.0144,0.9995,0,-0.956,-0.2919,-0.0305,0,0.2922,-0.9563,-0.0057,0,-11.773,28.7332,-0.1786,1]}],"loopBehavior":1,"name":"anim","property":"_matrix"}},
{"name":"mixamorig:RightArm","index":12,"matrix":[0.7692,0.1174,-0.6281,0,0.443,0.6103,0.6566,0,0.4604,-0.7834,0.4175,0,0,25.8388,0,1],"rest":[0.9953,0.0965,0,0,-0.093,0.9592,0.2669,0,0.0257,-0.2656,0.9637,0,0,25.8388,0,1],"parentBoneIndex":11,"length":49.1093
,"animation":{"dataType":3,"framePerSecond":30,"keys":[
{"frame":1,"values":[0.4697,-0.432,-0.77,0,0.8034,0.5707,0.1699,0,0.366,-0.6984,0.6151,0,0,25.8389,0,1]},
{"frame":2,"values":[0.4415,-0.49,-0.7517,0,0.8161,0.5675,0.1094,0,0.373,-0.6617,0.6504,0,0,25.8389,0,1]},
{"frame":3,"values":[0.4378,-0.5231,-0.7312,0,0.8151,0.5741,0.0774,0,0.3792,-0.6299,0.6778,0,0,25.8388,0,1]},
{"frame":4,"values":[0.4764,-0.5164,-0.7115,0,0.7945,0.5995,0.0969,0,0.3765,-0.6115,0.6959,0,0,25.8389,0,1]},
{"frame":5,"values":[0.5328,-0.4712,-0.703,0,0.7642,0.6247,0.1605,0,0.3635,-0.6227,0.6929,0,0,25.8388,0,1]},
{"frame":6,"values":[0.5882,-0.4131,-0.6952,0,0.7289,0.6432,0.2345,0,0.3503,-0.6447,0.6795,0,0,25.8388,0,1]},
{"frame":7,"values":[0.637,-0.3526,-0.6855,0,0.6889,0.6594,0.301,0,0.3459,-0.664,0.6629,0,0,25.8388,0,1]},
{"frame":8,"values":[0.6736,-0.2841,-0.6823,0,0.648,0.671,0.3603,0,0.3554,-0.6849,0.6361,0,0,25.8388,0,1]},
{"frame":9,"values":[0.6952,-0.199,-0.6907,0,0.6102,0.6713,0.4207,0,0.38,-0.7139,0.5882,0,0,25.8388,0,1]},
{"frame":10,"values":[0.7035,-0.0987,-0.7038,0,0.5768,0.6578,0.4843,0,0.4152,-0.7467,0.5197,0,0,25.8388,0,1]},
{"frame":11,"values":[0.7067,-0.0002,-0.7076,0,0.5458,0.6366,0.5449,0,0.4503,-0.7712,0.45,0,0,25.8388,0,1]},
{"frame":12,"values":[0.7185,0.0681,-0.6922,0,0.5133,0.6196,0.5938,0,0.4693,-0.7819,0.4102,0,0,25.8388,0,1]},
{"frame":13,"values":[0.7419,0.1005,-0.6629,0,0.4787,0.6129,0.6287,0,0.4695,-0.7838,0.4066,0,0,25.8388,0,1]},
{"frame":14,"values":[0.7692,0.1174,-0.6281,0,0.443,0.6103,0.6566,0,0.4604,-0.7834,0.4175,0,0,25.8388,0,1]},
{"frame":15,"values":[0.7929,0.1319,-0.595,0,0.4098,0.6072,0.6807,0,0.4511,-0.7835,0.4274,0,0,25.8388,0,1]},
{"frame":16,"values":[0.8066,0.1406,-0.5742,0,0.3875,0.6077,0.6932,0,0.4463,-0.7816,0.4357,0,0,25.8388,0,1]},
{"frame":17,"values":[0.8172,0.1384,-0.5596,0,0.3773,0.6056,0.7007,0,0.4358,-0.7837,0.4427,0,0,25.8388,0,1]},
{"frame":18,"values":[0.8244,0.1248,-0.5521,0,0.3787,0.6033,0.7019,0,0.4207,-0.7877,0.4501,0,0,25.8388,0,1]},
{"frame":19,"values":[0.8251,0.0984,-0.5564,0,0.3949,0.6038,0.6924,0,0.4041,-0.791,0.4593,0,0,25.8388,0,1]},
{"frame":20,"values":[0.8121,0.0517,-0.5812,0,0.4347,0.6109,0.6617,0,0.3893,-0.79,0.4736,0,0,25.8388,0,1]},
{"frame":21,"values":[0.7764,-0.0266,-0.6296,0,0.5053,0.6233,0.5968,0,0.3766,-0.7815,0.4974,0,0,25.8388,0,1]},
{"frame":22,"values":[0.7106,-0.1393,-0.6897,0,0.6017,0.6285,0.4929,0,0.3648,-0.7652,0.5304,0,0,25.8388,0,1]},
{"frame":23,"values":[0.6155,-0.2543,-0.746,0,0.701,0.6092,0.3707,0,0.3602,-0.7511,0.5533,0,0,25.8388,0,1]},
{"frame":24,"values":[0.525,-0.3525,-0.7747,0,0.7703,0.5839,0.2564,0,0.362,-0.7313,0.5781,0,0,25.8388,0,1]},
{"frame":25,"values":[0.4697,-0.432,-0.77,0,0.8034,0.5707,0.1699,0,0.366,-0.6984,0.6151,0,0,25.8388,0,1]}],"loopBehavior":1,"name":"anim","property":"_matrix"}},
{"name":"mixamorig:RightForeArm","index":13,"matrix":[0.8775,-0.4792,-0.0206,0,0.4796,0.8761,0.0488,0,-0.0053,-0.0526,0.9986,0,0,49.1093,0,1],"rest":[0.9624,-0.2715,0,0,0.271,0.9608,-0.0585,0,0.0159,0.0563,0.9983,0,0,49.1093,0,1],"parentBoneIndex":12,"length":59.9423
,"animation":{"dataType":3,"framePerSecond":30,"keys":[
{"frame":1,"values":[0.8544,-0.5192,-0.0229,0,0.5196,0.8528,0.0528,0,-0.0079,-0.057,0.9983,0,0,49.1093,0,1]},
{"frame":2,"values":[0.8468,-0.5314,-0.0237,0,0.5319,0.8451,0.0541,0,-0.0087,-0.0584,0.9983,0,0,49.1093,0,1]},
{"frame":3,"values":[0.8345,-0.5505,-0.0249,0,0.551,0.8326,0.056,0,-0.0101,-0.0605,0.9981,0,0,49.1093,0,1]},
